COLORS:

//orange-pink gradient

background: linear-gradient(104.61deg, #FF00B8 2.65%, #FF655B 51.83%, #FFC700 100%);


PINK : 
#FF00B8

YELLOW: 
#FFC700

BLUE: 
#151371


WORLD SVG:
<svg width="567" height="640" viewBox="0 0 567 640" fill="none" xmlns="http://www.w3.org/2000/svg">
<path d="M131.169 579.13C130.706 573.371 130.384 569.406 129.936 563.857C134.488 564.544 139.811 565.02 144.98 566.197C152.445 567.893 155.387 566.141 156.143 558.337C156.521 554.414 157.726 549.734 156.157 546.61C151.199 536.718 157.992 532.472 164.029 527.89C173.274 520.871 174.674 517.354 170.318 506.593C169.282 504.043 166.802 501.913 164.589 500.064C160.541 496.687 156.283 493.549 151.955 490.522C145.946 486.305 140.007 481.919 133.648 478.29C128.423 475.32 122.638 473.358 115.887 470.416C112.175 460.79 103.407 452.902 97.7899 453.126C92.5372 448.558 88.5733 445.112 84.5953 441.651C89.5397 431.395 82.5502 423.044 79.3146 414.441C76.3031 406.44 70.3221 400.275 62.8144 395.119C57.7298 391.63 54.3121 385.059 51.3706 379.258C46.6923 370.039 43.3306 360.147 38.6943 350.914C37.4617 348.448 32.8533 347.845 31.1165 345.449C27.1665 339.971 24.0429 333.904 20.289 327.599C14.3221 329.182 18.4681 323.409 17.6697 318.842C13.6357 321.153 10.3721 323.017 6.52015 325.203C2.41609 318.926 0.595182 310.841 1.70174 302.112C2.66822 294.476 3.99889 286.896 5.10544 279.274C5.44161 276.976 6.15597 274.468 5.6237 272.338C2.79428 261.143 7.55667 251.293 10.5542 241.065C14.4761 227.712 17.8378 214.191 21.9699 200.894C23.8188 194.954 26.9424 189.405 29.6737 183.254C36.0609 188.494 34.072 194.533 32.4611 200.026C30.6963 206.051 27.7548 211.711 25.6537 217.652C24.7713 220.146 24.7153 222.934 24.2951 225.596C25.0094 225.792 25.7238 225.975 26.4381 226.171C29.2816 218.086 32.4892 210.1 34.8704 201.875C37.5457 192.712 42.9384 185.748 51.5107 182.329C58.3601 179.583 62.5482 176.038 64.7753 168.71C67.0165 161.382 83.9089 151.687 90.9404 152.219C97.5798 141.346 99.2046 140.604 121.658 138.768C116.573 141.304 112.987 143.084 109.402 144.877C109.738 145.578 110.088 146.278 110.424 146.979C118.702 144.261 128.885 146.166 134.965 136.737C133.886 136.302 133.452 135.952 133.102 136.022C130.23 136.582 127.373 137.213 124.515 137.829C125.062 134.677 125.132 131.328 126.294 128.428C127.317 125.878 129.572 123.804 131.869 120.764C129.18 120.133 126.854 119.587 124.529 119.04C124.375 118.536 124.207 118.045 124.053 117.541C128.157 116.518 132.331 114.403 136.337 114.711C144.013 115.313 151.591 117.303 158.44 118.564C153.972 122.487 148.145 127.629 141.156 133.78C147.725 133.822 148.355 140.954 153.846 141.094C155.653 141.136 158.132 141.43 159.155 140.422C162.334 137.297 161.9 129.072 158.3 124.967C161.802 120.834 165.122 116.294 169.072 112.385C173.666 107.845 171.131 102.381 171.313 97.5049C171.481 92.7831 170.654 89.028 175.305 85.3711C178.638 82.751 179.955 77.5668 182.953 72.1164C178.4 73.9379 175.207 75.2129 172.027 76.4879C171.509 76.0396 171.005 75.6052 170.486 75.1568C171.901 72.845 173.176 70.407 174.8 68.2493C175.753 66.9882 178.064 66.3998 178.414 65.1247C179.185 62.4346 179.073 59.4782 179.325 56.6339C176.803 56.9281 173.666 56.3677 171.859 57.6707C165.164 62.4766 158.902 67.885 152.487 73.0972C151.759 73.6856 151.241 74.5263 150.47 75.0307C140.427 81.4619 130.37 87.8511 118.982 95.0949C121.448 91.3819 122.75 87.6549 125.356 85.8335C133.48 80.1589 136.141 71.0936 140.96 63.3173C143.061 59.9265 146.534 56.83 150.106 55.0086C159.169 50.3568 168.637 46.4897 179.675 41.5297C178.722 44.5701 178.386 45.635 177.826 47.4284C185.544 50.623 186.734 40.1846 193.304 39.9044C199.397 39.6522 205.35 35.9252 211.275 33.7534C209.398 27.07 211.555 25.3046 224.049 22.3062C214.258 29.8583 214.258 29.8583 217.956 34.0757C212.059 46.0834 199.243 44.7663 189.508 48.5634C188.892 53.3552 188.331 57.7688 187.547 63.9478C190.909 61.6359 192.785 60.3469 194.746 59.0018C195.097 60.1367 195.405 61.1455 196.189 63.6676C200.896 58.1891 204.972 53.4393 210.392 47.1202C209.216 50.6511 208.655 52.3184 207.759 55.0086C214.384 53.7195 219.427 52.4305 220.505 45.0465C220.828 42.8047 223.195 40.8291 224.735 38.8115C226.794 36.1073 229.008 33.5292 231.039 30.811C232.775 28.4992 234.33 26.0612 236.053 23.5532C234.498 21.2133 232.565 18.2709 229.918 14.2777C233.588 13.3109 236.431 12.5683 240.115 11.6015C239.933 15.2865 239.821 17.6964 239.625 22.0119C243.407 20.3166 246.152 19.0836 247.049 18.6912C252.175 17.9206 255.593 17.5844 258.927 16.8698C269.264 14.67 279.559 12.3441 289.756 10.0883C281.688 4.00739 271.057 12.3441 262.176 5.84287C269.824 4.764 277.444 3.41891 285.12 2.64829C325.012 -1.33092 364.399 1.86366 402.905 12.9466C413.844 16.0992 425.33 19.1957 433.916 27.8827C435.499 29.48 437.754 30.6569 439.911 31.4275C449.128 34.7202 452.784 40.8291 449.996 50.8192C447.923 50.1046 445.864 49.404 444.253 48.8436C447.755 53.2852 451.383 57.8809 455.543 63.1351C448.582 67.3806 444.576 63.2472 439.337 59.3381C442.447 58.7356 444.52 58.3293 446.593 57.9229C446.859 57.2504 447.111 56.5918 447.377 55.9193C443.721 54.0418 440.261 51.3936 436.382 50.4269C427.179 48.129 417.794 46.5878 408.466 44.8083C403.101 43.7855 395.831 52.3464 396.63 57.5446C397.736 64.7604 399.753 71.9062 392.469 78.3374C384.401 85.4692 388.562 99.0461 399.067 101.876C400.972 102.395 404.053 101.162 405.636 99.7047C409.04 96.5801 411.603 96.8183 414.432 100.181C417.57 103.908 420.61 107.775 424.167 111.068C425.68 112.469 429.742 113.716 430.344 113.029C432.193 110.914 433.734 107.873 433.916 105.099C434.154 101.414 433.314 97.5469 432.291 93.946C431.731 92.0125 430.148 89.9528 428.44 88.8319C422.781 85.1189 418.2 81.518 422.108 73.5736C423.019 71.7381 421.142 68.5295 420.329 65.0267C425.722 64.2841 429.196 65.7693 428.58 71.626C427.795 79.1361 432.446 83.2274 437.404 87.0665C440.57 89.5184 444.141 91.2558 448.007 87.4167C448.946 86.478 451.369 87.0244 453.68 86.8423C450.543 90.3591 448.414 92.7551 446.27 95.165C449.212 96.9024 452.153 98.6258 455.095 100.363C454.913 100.84 454.717 101.33 454.535 101.806C452.644 101.694 450.767 101.596 447.377 101.4C448.792 104.623 449.702 107.047 450.893 109.33C453.428 114.122 451.691 117.359 446.439 117.443C445.514 117.457 444.197 117.051 443.735 117.513C438.076 123.272 430.737 120.287 424.42 121.408C424.42 119.194 425.218 116.42 424.167 114.907C423.313 113.674 420.259 113.954 417.71 113.478C416.618 111.39 415.245 108.77 413.872 106.15C408.466 109.12 408.466 109.12 415.077 124.701C408.073 126.312 403.661 129.661 401.294 137.507C399.529 143.364 392.932 147.946 388.001 152.555C386.797 153.676 383.659 152.723 381.012 152.723C381.292 153.9 381.628 155.316 381.964 156.773C377.804 157.431 373.714 158.076 369.624 158.72C369.554 159.491 369.484 160.276 369.414 161.046C371.081 161.789 372.706 162.7 374.442 163.218C382.679 165.712 389.01 174.707 388.477 183.184C388.141 188.508 385.858 191.325 380.115 190.974C372.692 190.512 365.24 190.162 357.816 190.33C355.071 190.386 352.367 192.039 349.636 192.964C351.009 202.534 353.824 211.291 348.698 220.216C347.521 222.262 351.149 226.661 351.583 230.108C352.269 235.698 356.135 233.639 359.287 234.479C363.041 235.474 366.36 238.066 368.868 239.411C375.129 238.263 380.886 237.058 386.671 236.175C393.548 235.124 400.257 224.644 398.787 217.792C397.484 211.739 400.846 207.438 405.888 204.719C410.286 202.366 412.682 199.507 411.911 194.183C411.141 188.789 415.203 188.326 418.733 189.335C424.279 190.932 428.397 189.167 431.815 185.202C436.55 179.709 439.897 183.03 444.029 186.239C449.968 190.834 456.426 194.757 462.687 198.933C467.113 201.875 471.917 204.383 475.909 207.816C477.674 209.343 479.089 213.168 478.389 215.116C477.688 217.063 474.228 218.268 471.763 219.221C469.83 219.978 467.547 219.866 465.432 220.132C465.292 220.931 465.152 221.743 464.998 222.542C469.228 224.223 473.444 225.905 478.683 227.978C477.632 219.025 488.782 212.272 478.361 203.304C481.974 203.304 483.893 203.304 487.801 203.304C480.378 196.719 471.847 195.346 465.502 190.792C459.255 186.309 450.879 182.385 450.206 172.437C451.607 172.213 452.616 171.765 452.882 172.031C460.081 179.527 469.83 182.287 478.935 186.281C484.229 188.606 488.474 191.871 489.986 197.994C490.505 200.11 492.143 202.113 493.67 203.795C498.138 208.713 502.747 213.491 507.425 218.198C508.742 219.529 510.465 220.454 512.384 221.841C512.888 217.035 513.266 213.322 513.728 209.007C510.661 206.079 506.893 202.478 503.615 199.353C505.366 197.756 506.515 196.677 507.705 195.64C509.05 194.463 510.843 192.123 511.739 192.418C513.798 193.104 516.179 194.701 517.104 196.579C519.513 201.413 520.718 207.101 525.704 210.016C530.789 212.986 535.803 219.151 542.359 212.187C542.751 211.767 543.871 211.501 544.32 211.753C550.189 215.06 553.382 212.019 555.399 205.658C563.439 216.503 565.176 227.782 565.624 239.369C565.68 240.715 564.294 243.307 563.579 243.307C554.026 243.307 547.835 254.249 537.4 251.195C532.988 249.906 528.478 248.757 523.939 248.169C520.718 247.762 516.222 247.188 514.387 248.911C512.314 250.845 512.524 255.272 511.865 258.649C511.361 261.227 511.571 264.099 510.409 266.299C510.03 267.028 506.249 266.383 504.232 265.725C498.082 263.721 491.303 263.483 486.765 257.234C485.28 255.188 480.265 255.609 476.82 255.132C473.598 254.684 470.222 254.978 467.127 254.151C461.972 252.778 458.583 250.929 461.174 243.755C462.449 240.224 459.451 234.437 457.014 230.528C455.067 227.404 451.537 228.441 447.783 230.066C442.685 232.28 436.704 233.429 431.129 233.387C419.573 233.289 409.306 235.502 400.019 243.012C392.876 248.785 383.561 248.267 375.941 245.044C368.84 242.032 367.089 245.647 366.22 250.214C365.282 255.146 362.326 257.22 358.544 259.265C349.776 264.001 347.129 272.17 346.891 281.361C346.681 289.46 340.489 294.476 335.027 296.381C324.381 300.108 320.459 308.852 315.277 316.838C308.609 327.122 302.516 337.799 296.493 347.789C307.265 363.3 300.471 377.199 294.897 390.846C293.552 394.152 292.081 396.24 294.701 399.449C295.807 400.808 295.667 403.218 296.017 405.151C296.353 406.931 295.989 409.243 296.984 410.434C301.368 415.618 306.2 420.424 310.767 425.454C313.848 428.844 318.302 431.941 319.437 435.934C322.126 445.378 328.962 449.679 336.778 453.616C339.859 455.172 342.815 457.091 345.504 459.263C352.437 464.825 359.707 465.68 368.419 463.663C377.076 461.659 386.264 462.051 395.131 460.776C399.599 460.132 403.913 458.226 408.255 456.783C417.234 453.813 426.072 450.31 435.205 447.914C440.766 446.443 445.612 448.166 448.217 454.485C448.876 456.082 453.372 457.666 455.249 456.965C475.377 449.539 475.587 459.249 471.931 473.33C471.007 476.917 469.774 480.504 468.107 483.783C465.712 488.477 466.889 492.035 470.993 494.586C482.395 501.661 482.142 512.478 483.739 524.416C485.77 539.562 472.646 544.438 468.528 555.002C466.104 561.181 464.213 566.323 466.371 572.909C467.379 575.991 466.202 579.802 465.964 583.277C465.712 587.088 465.18 590.899 465.152 594.71C465.11 600.315 462.014 603.958 457.532 606.242C432.025 619.286 405.006 628.127 376.922 633.298C311.327 645.375 247.791 638.216 186.72 611.132C166.424 602.206 147.179 591.32 131.169 579.13ZM324.507 18.1728C303.987 10.985 282.795 14.0815 261.014 20.2605C264.754 26.2013 255.089 38.6013 245.2 42.7347C245.746 43.8976 246.292 45.0465 246.909 46.3496C233.742 48.6895 229.218 57.4605 223.699 68.8097C221.892 72.5227 225.114 81.8262 228.559 83.7458C229.442 84.2362 231.123 84.4323 231.823 83.9279C238.869 78.8418 245.704 73.4755 252.764 68.4034C255.397 66.5119 258.31 64.8025 261.35 63.7516C264.361 62.7148 267.779 62.8829 270.889 62.0422C280.455 59.4642 289.896 56.3677 299.519 54.0138C310.921 51.2115 311.439 50.7912 308.932 40.1706C319.073 37.9428 321.356 35.8551 322.322 28.5132C322.743 25.2906 323.653 22.124 324.507 18.1728ZM353.642 109.513C359.357 115.355 365.394 121.548 372.033 128.344C369.022 129.465 367.173 130.151 366.206 130.516C365.814 134.004 365.492 136.765 365.156 139.749C366.655 140.281 368.714 141.01 371.039 141.837C368.293 144.261 366.024 146.278 363.363 148.632C373.21 146.573 382.118 144.723 390.635 142.944C390.495 140.954 390.537 139.357 390.242 137.801C389.934 136.19 389.78 134.172 388.758 133.136C384.205 128.526 379.359 124.21 374.639 119.755C372.65 117.877 370.717 115.93 368.686 113.94C369.05 112.917 369.428 112.077 369.652 111.208C369.918 110.157 370.072 109.078 370.226 108.238C364.666 105.547 359.511 99.4104 353.642 109.513ZM343.627 140.982C347.871 139.301 353.908 138.684 356.626 135.335C359.147 132.239 358.11 126.256 358.643 121.548C355.533 121.394 351.849 120.133 349.468 121.38C346.611 122.865 343.949 126.172 342.913 129.269C341.96 132.183 343.207 135.84 343.627 140.982ZM302.18 67.3946C302.362 73.2513 304.561 78.8979 313.624 77.5107C316.818 77.0203 320.151 76.2918 322.953 74.7925C324.76 73.8118 325.712 71.2477 327.057 69.3842C324.816 68.1932 322.574 66.0215 320.319 66.0075C314.352 65.9654 308.385 66.8481 302.18 67.3946ZM33.1335 288.493C30.8784 282.776 28.6232 277.06 26.3681 271.343C21.2695 282.58 21.2695 282.58 33.1335 288.493ZM19.9949 265.865C20.6392 265.767 21.2695 265.683 21.9139 265.585C23.8468 255.679 20.7093 236.791 17.1375 235.026C18.0759 245.198 19.0424 255.524 19.9949 265.865ZM373.994 25.2065C369.204 22.8386 364.554 17.3321 356.752 22.6424C361.766 25.4587 366.22 27.9527 370.142 30.1525C371.459 28.4431 372.622 26.9719 373.994 25.2065Z" stroke="white" stroke-width="2" stroke-miterlimit="10"/>
</svg>


BUTTERFLY:
<svg width="380" height="420" viewBox="0 0 380 420" fill="none" xmlns="http://www.w3.org/2000/svg">
<path d="M282.196 332.979C280.249 333.706 278.303 334.375 276.414 335.218C275.746 335.508 275.164 336.206 274.787 336.875C271.794 342.34 267.406 346.38 262.495 350.13C257.12 354.258 252.093 358.851 246.921 363.241C245.032 364.84 243.376 366.816 240.208 366.642C242.126 365.014 243.811 363.619 245.497 362.194C245.322 361.991 245.177 361.787 245.003 361.613C243.434 362.34 241.865 363.037 240.296 363.764C240.063 363.444 239.86 363.125 239.627 362.834C246.339 358.444 251.25 352.398 255.696 345.944C256.277 345.247 256.887 344.578 257.468 343.88C257.294 343.735 257.12 343.561 256.945 343.415C256.364 344.084 255.754 344.753 255.173 345.421C241.109 359.375 224.866 370.247 207.17 378.939C202.666 381.148 198.162 383.764 192.729 383.095C192.089 383.008 191.188 383.88 190.665 384.52C187.15 388.677 183.808 392.979 180.176 397.049C178.374 399.055 176.224 400.799 174.016 402.369C171.168 404.433 168.901 403.561 167.739 400.218C166.635 396.991 166.635 397.02 163.351 398.357C162.422 398.735 161.521 399.171 160.562 399.375C157.86 399.956 156.116 398.735 156.436 396.002C156.988 391.526 158.005 387.107 158.848 382.659C158.993 381.875 159.196 381.09 158.935 380.043C158.325 380.741 157.569 381.38 157.104 382.194C153.065 388.735 149.055 395.305 145.045 401.904C144.348 403.066 143.825 404.345 143.186 405.537C138.362 414.549 130.023 418.502 120.114 415.973C114.797 414.607 109.857 414.374 104.801 416.874C102.738 417.892 100.326 418.357 98.0014 418.764C93.0907 419.578 88.3834 419.084 84.3734 415.741C80.4798 412.485 76.4698 409.345 72.7505 405.857C64.411 398.066 54.299 394.549 43.2863 393.095C38.6952 392.485 34.3075 393.357 30.1233 395.537C23.1785 399.171 16.5825 403.328 10.8582 408.735C9.28909 410.218 7.7781 410.624 5.71503 409.549C3.62289 408.473 3.30326 406.642 3.88441 404.956C4.58179 402.863 5.71503 400.799 7.10978 399.113C13.9964 390.77 20.7958 382.369 28.0602 374.404C32.9128 369.084 33.8135 363.27 31.3146 357.049C28.6994 350.508 27.1303 344.142 28.7576 337.049C29.6002 333.444 28.0021 330.189 25.0382 327.63C22.8589 325.741 20.8249 323.59 19.0233 321.322C17.0474 318.822 16.4663 316.293 18.4422 313.125C21.5223 308.241 21.7257 302.572 20.9411 297.02C20.5052 294.055 21.2317 291.962 23.2366 289.724C35.3826 276.206 50.8121 268.328 68.0432 263.706C76.6151 261.41 85.3614 259.753 94.5145 257.718C92.9454 256.962 91.5797 256.293 90.1849 255.654C75.7434 249.026 61.5924 241.875 48.8653 232.195C40.2352 225.625 33.3777 217.427 27.0722 208.735C23.3238 203.59 19.6335 198.445 14.2288 194.782C13.0666 193.997 12.2529 191.817 12.282 190.305C12.3692 181.526 9.95741 173.27 7.74905 164.927C7.34224 163.416 7.28413 161.701 7.51659 160.16C8.33019 154.782 9.49249 149.404 8.27208 143.939C7.98151 142.631 7.71999 141.178 6.9645 140.102C5.16294 137.573 6.03466 135.102 6.23806 132.369C6.61581 127.282 6.09277 122.108 5.88937 116.962C5.83126 115.887 5.56974 114.811 5.27917 113.765C4.20404 109.811 4.29121 105.974 5.51163 102.021C7.08073 96.9044 7.5747 91.7881 4.55273 86.7591C3.73912 85.4219 4.14593 82.9509 4.72708 81.2649C6.03466 77.3114 5.5988 73.6777 4.17498 69.8696C2.11191 64.3754 -0.764776 58.7359 0.717152 52.7766C1.79228 48.4161 1.26924 44.5499 0.281291 40.3929C-0.474201 37.2243 0.223176 34.3464 3.21609 32.2243C4.32027 31.4395 4.95953 29.9569 5.62785 28.7069C6.35429 27.3697 6.79015 25.829 7.51659 24.4918C10.5967 18.9686 14.0254 17.3407 20.1566 18.3581C40.4386 21.7011 59.8199 27.922 78.2133 37.108C114.709 55.3638 145.423 81.0033 172.476 111.294C191.45 132.544 208.071 155.625 223.675 179.404C232.537 192.893 240.644 206.904 249.071 220.654C249.536 221.41 250.001 222.224 250.466 223.009C254.592 222.253 258.66 221.497 262.96 220.712C263.018 220.218 263.251 219.491 263.135 218.823C259.909 202.776 262.757 187.195 266.999 171.759C268.22 167.311 269.847 162.951 271.038 158.474C275.716 140.858 285.887 126.032 295.098 110.713C295.505 110.015 295.999 109.346 296.405 108.649C302.13 98.5614 307.68 88.387 313.578 78.387C319.971 67.544 326.712 56.9045 333.192 46.0906C334.877 43.2999 335.953 40.1604 337.551 37.3406C341.938 29.5209 346.123 21.5558 351.062 14.0849C354.084 9.52091 358.24 5.68371 362.046 1.70117C364.08 -0.420922 366.405 -0.62441 368.526 1.46861C370.821 3.70697 373.059 6.26511 374.483 9.08487C378.609 17.2244 379.248 26.1197 379.51 35.0732C380.265 60.2184 375.471 84.6661 369.427 108.794C354.346 168.794 336.301 227.834 311.021 284.462C310.963 284.636 310.934 284.811 310.818 285.247C314.392 284.288 317.85 283.997 320.029 280.218C324.504 272.427 329.473 264.927 334.18 257.282C339.236 249.055 344.612 241.09 351.847 234.578C353.242 233.328 355.276 232.369 357.106 232.224C358.501 232.108 360.564 233.154 361.32 234.317C362.017 235.334 361.901 237.718 361.116 238.706C359.954 240.189 358.152 239.288 356.816 238.154C356.118 237.573 355.566 236.701 354.753 236.41C353.968 236.119 352.602 235.974 352.137 236.41C345.919 242.747 340.834 249.956 336.127 257.427C336.476 257.747 336.795 258.067 337.144 258.416C337.696 257.543 338.103 256.526 338.829 255.857C342.723 252.485 346.529 248.968 350.714 246.003C352.69 244.607 355.421 244.142 357.862 243.648C360.477 243.125 363.644 245.218 364.167 247.718C364.371 248.648 363.702 249.782 363.441 250.799C362.191 250.392 360.332 250.392 359.751 249.549C356.932 245.363 357.048 245.276 352.37 247.311C347.546 249.404 343.217 252.427 340.108 256.613C333.802 265.131 327.845 273.91 321.889 282.66C321.395 283.415 321.337 285.102 321.86 285.799C324.998 290.16 324.707 295.625 320.668 299.317C318.605 301.206 316.252 302.776 313.985 304.462C311.719 306.148 309.946 307.805 309.51 311.032C308.813 316.206 307.04 321.003 302.769 324.724C299.95 327.194 297.916 330.567 295.417 333.444C292.163 337.194 288.124 339.84 283.388 341.293C283.184 341.119 282.981 340.915 282.807 340.741C283.417 340.101 283.911 339.2 284.666 338.88C290.565 336.351 294.836 332.02 298.439 326.875C299.311 325.625 300.27 324.288 301.461 323.386C304.454 321.148 305.297 318.067 305.355 313.764C298.091 326.671 285.712 332.921 274.99 341.119C276.443 337.514 280.162 336.09 282.632 333.444C282.748 333.212 282.894 332.95 283.01 332.718C283.155 332.718 283.271 332.747 283.417 332.747C283.417 332.66 283.388 332.572 283.388 332.485C283.271 332.572 283.155 332.689 283.068 332.776C282.748 332.892 282.487 332.95 282.196 332.979ZM131.737 79.5498C131.505 79.5207 131.272 79.4916 131.04 79.4335C131.156 79.6079 131.272 79.7533 131.359 79.9277C131.563 80.1021 131.737 80.2765 131.94 80.451C132.202 80.7126 132.493 81.0033 132.754 81.2649C133.916 82.3114 135.079 83.3579 136.241 84.3754C136.415 84.1719 136.59 83.9393 136.793 83.7358C135.602 82.7475 134.41 81.7882 133.219 80.7998C132.928 80.5382 132.609 80.2765 132.318 79.9858C132.115 79.8405 131.94 79.6951 131.737 79.5498ZM258.195 342.95C258.369 342.776 258.573 342.601 258.747 342.456C259.938 341.555 261.13 340.683 262.292 339.782C262.03 339.491 261.769 339.229 261.507 338.939C260.461 339.985 259.415 341.032 258.369 342.078C258.195 342.253 258.021 342.456 257.846 342.63C257.701 342.805 257.527 342.979 257.381 343.125C257.672 343.067 257.933 343.008 258.195 342.95ZM335.633 258.416C335.371 258.59 335.11 258.764 334.848 258.939C334.906 259.055 334.965 259.142 335.023 259.259C335.342 259.084 335.662 258.939 335.953 258.764C336.098 258.532 336.214 258.299 336.359 258.067C336.127 258.212 335.865 258.299 335.633 258.416ZM179.42 222.166C179.391 222.108 179.362 222.02 179.304 221.962C179.275 221.933 179.217 221.933 179.159 221.933C179.246 221.991 179.362 222.049 179.449 222.137C179.507 222.398 179.536 222.631 179.478 222.224C179.769 222.544 179.595 222.369 179.42 222.166ZM212.575 249.549C212.923 249.782 213.243 249.985 213.592 250.218C213.969 250.538 214.376 250.887 214.754 251.206C215.48 251.759 216.207 252.311 216.933 252.834C217.747 253.532 218.561 254.288 219.403 254.956C232.886 265.48 245.381 277.049 255.551 290.915C256.742 292.514 257.875 294.142 259.038 295.77C259.241 295.625 259.444 295.509 259.648 295.363C259.183 294.549 258.718 293.706 258.195 292.921C250.611 281.381 241.4 271.293 230.794 262.514C226.493 258.968 221.815 255.799 217.311 252.485C216.585 251.933 215.858 251.41 215.132 250.857C214.725 250.509 214.318 250.189 213.911 249.84C213.563 249.637 213.243 249.404 212.894 249.2C212.546 248.968 212.197 248.706 211.877 248.474C211.79 248.59 211.703 248.735 211.616 248.852C211.935 249.084 212.255 249.317 212.575 249.549ZM313.956 266.206C313.636 266.962 313.317 267.718 312.968 268.474C312.852 268.677 312.707 268.881 312.59 269.084C312.59 269.084 312.707 269.171 312.794 269.229C312.881 268.997 312.939 268.735 313.026 268.503C313.404 267.776 313.782 267.078 314.159 266.352C314.247 266.09 314.363 265.799 314.45 265.538C314.363 265.509 314.305 265.509 314.218 265.48C314.13 265.741 314.043 265.974 313.956 266.206ZM315.729 262.02C315.351 262.776 314.973 263.532 314.566 264.288C314.799 264.375 315.031 264.433 315.264 264.52C315.409 263.881 315.554 263.241 315.699 262.631C315.816 262.311 315.903 261.962 316.019 261.642C315.903 261.759 315.816 261.904 315.729 262.02ZM207.577 245.799C207.926 246.061 208.274 246.323 208.623 246.584C208.71 246.468 208.797 246.323 208.884 246.206C208.565 245.974 208.245 245.712 207.926 245.48C207.286 244.956 206.647 244.462 206.037 243.939C205.892 244.171 205.717 244.404 205.572 244.637C206.211 245.014 206.879 245.392 207.577 245.799ZM265.575 319.2C264.762 320.857 263.977 322.485 263.164 324.142C263.425 324.258 263.716 324.375 263.977 324.491C265.169 322.979 267.377 321.788 265.575 319.2C265.663 319.2 265.75 319.171 265.808 319.142C265.837 319.113 265.837 319.026 265.837 318.968C265.75 319.055 265.663 319.142 265.575 319.2ZM312.358 221.032C312.794 215.044 313.23 209.055 313.665 203.067C314.218 200.247 314.77 197.398 315.293 194.579C315.06 194.549 314.799 194.491 314.566 194.462C314.072 197.34 313.549 200.218 313.055 203.125C312.532 209.084 311.98 215.073 311.457 221.032C311.254 224.317 311.05 227.631 310.876 230.916C310.179 237.02 309.626 243.154 308.784 249.23C307.941 255.131 306.808 261.003 305.791 266.875C305.413 268.125 305.035 269.404 304.658 270.654C304.919 270.712 305.152 270.77 305.413 270.828C305.617 269.549 305.791 268.299 305.994 267.02C306.314 266.177 306.75 265.392 306.953 264.52C309.626 253.474 311.196 242.253 311.457 230.887C311.719 227.602 312.038 224.317 312.358 221.032ZM299.311 300.072C297.858 300.654 296.405 301.235 294.953 301.846C294.226 302.718 293.529 303.59 292.802 304.462C291.901 304.113 291.03 303.793 290.129 303.445C290.245 303.241 290.391 303.067 290.507 302.863C290.507 302.834 290.391 302.747 290.332 302.718C290.245 302.95 290.129 303.154 290.042 303.386C288.647 307.543 283.562 307.66 281.731 310.886C281.179 310.712 280.511 310.305 280.279 310.479C278.68 311.671 277.198 313.067 275.571 314.229C275.252 314.462 274.409 313.968 273.799 313.822C273.915 313.619 274.06 313.415 274.176 313.183C274.176 313.154 274.06 313.067 274.002 313.008C273.886 313.241 273.799 313.474 273.682 313.706C272.84 315.16 272.026 316.613 271.358 317.747C270.951 317.224 270.573 316.235 269.992 316.09C269.498 315.974 268.743 316.788 268.191 317.311C267.9 317.601 267.784 318.096 267.609 318.503C267.348 318.822 267.086 319.171 266.825 319.491C266.941 319.578 267.086 319.665 267.203 319.782C267.435 319.462 267.668 319.142 267.9 318.822C268.045 318.793 268.191 318.764 268.336 318.735L268.307 318.706C268.133 320.189 267.958 321.671 267.784 323.154C267.929 323.183 268.103 323.241 268.249 323.27C268.714 321.788 269.208 320.305 269.847 318.328C269.934 319.724 269.992 320.567 270.05 321.41C271.416 320.276 272.52 318.91 273.973 318.27C275.687 317.514 277.286 316.875 278.651 315.45C279.755 314.288 280.743 312.66 282.981 313.096C283.794 313.241 284.782 312.456 285.683 312.078L285.858 312.224C286.41 312.078 287.165 312.078 287.456 311.729C287.862 311.235 287.921 310.479 288.211 309.549C288.473 310.305 288.618 310.799 288.996 311.933C289.606 310.189 290.013 308.997 290.42 307.805C290.565 308.008 290.71 308.212 290.855 308.386C291.146 308.183 291.437 307.979 291.756 307.747C292.25 307.631 292.773 307.602 293.267 307.427C293.732 307.253 294.139 306.962 294.575 306.729C297.364 305.421 299.021 303.241 299.515 300.218C299.573 300.102 299.631 299.985 299.689 299.898C299.515 299.927 299.427 300.014 299.311 300.072ZM169.657 386.293C167.274 389.345 164.892 392.369 162.364 395.625C164.485 394.84 166.403 394.171 168.291 393.357C168.669 393.212 168.872 392.514 169.018 392.02C169.512 390.392 169.918 388.735 170.354 387.078C171.604 384.752 172.882 382.427 174.132 380.101C175.73 378.502 177.299 376.904 178.897 375.334C178.549 376.032 178.316 376.845 177.822 377.427C173.028 383.125 170.238 389.752 169.134 397.049C168.96 398.183 169.483 400.159 170.296 400.537C171.313 401.061 173.318 400.857 174.248 400.13C181.222 394.636 185.028 387.165 187.179 378.706C187.266 378.357 187.237 377.979 187.208 377.63C187.12 374.229 184.68 372.805 181.629 374.316C180.757 374.753 179.798 375.014 178.868 375.363C180.524 373.066 182.965 371.729 185.551 372.427C188.399 373.183 188.573 376.09 188.225 378.59C187.847 381.351 187.091 384.055 186.336 387.427C189.532 382.689 191.421 378.037 191.276 372.892C191.188 369.2 187.614 367.311 184.098 368.968C179.536 371.09 176.021 374.404 173.928 379.084C172.505 381.497 171.081 383.909 169.657 386.293ZM184.447 226.962C184.302 226.875 184.186 226.759 184.04 226.671C184.069 226.875 184.098 227.078 184.157 227.282C189.736 234.462 197.32 239.084 204.962 243.648C203.16 241.788 201.068 240.305 199.063 238.735C194.152 234.811 189.3 230.858 184.447 226.962ZM179.449 369.927C185.551 365.683 189.852 360.014 193.339 352.66C190.869 354.055 189.096 354.985 187.382 356.032C185.842 356.962 184.302 357.95 182.82 359.026C182.181 359.491 181.367 360.072 181.222 360.741C180.524 363.793 180.03 366.904 179.478 369.985C179.362 369.985 179.217 370.014 179.101 370.014C179.13 370.101 179.13 370.189 179.159 370.276C179.246 370.159 179.333 370.043 179.449 369.927ZM36.08 371.555C37.097 370.625 38.4046 369.84 39.0729 368.706C41.8624 363.909 40.5549 354.491 36.574 350.596C35.7894 349.811 34.5981 349.433 33.5811 348.88C33.4067 349.055 33.2324 349.258 33.0581 349.433C35.7313 356.613 38.114 363.822 36.1381 371.584C36.051 371.642 35.9638 371.7 35.8476 371.758C35.9057 371.758 35.9929 371.787 36.0219 371.758C36.051 371.7 36.051 371.613 36.08 371.555ZM246.543 360.13C246.02 360.566 245.497 361.032 244.974 361.468C245.148 361.671 245.322 361.875 245.468 362.049C245.991 361.555 246.514 361.09 247.037 360.596C252.906 355.799 258.776 350.973 264.704 346.177C268.016 343.503 269.673 339.84 271.561 335.567C261.798 343.008 254.04 351.439 246.543 360.13ZM84.6059 281.497C84.5768 281.875 84.5768 282.253 84.5478 282.631C86.3784 282.398 88.4996 282.66 90.0106 281.817C94.8051 279.113 98.4082 275.043 101.459 270.479C102.767 268.503 102.128 266.73 99.7448 266.206C98.0304 265.828 96.1998 266.003 94.3982 265.945C92.9163 266.323 91.4344 266.642 89.9525 267.049C87.7732 267.66 87.0467 268.823 87.686 271.264C88.1509 273.067 88.0637 275.218 87.5116 276.991C87.0177 278.619 85.6229 280.014 84.6059 281.497ZM370.327 75.48C367.247 85.9161 363.877 96.2649 361.174 106.788C360.012 111.323 360.215 116.207 359.809 120.916C360.274 120.974 360.738 121.032 361.174 121.119C364.487 105.916 367.799 90.6835 371.112 75.48C371.664 72.7475 372.187 69.9859 372.739 67.2533C372.507 67.2242 372.245 67.1661 372.013 67.137C371.461 69.9277 370.909 72.6893 370.327 75.48ZM75.8015 301.875C79.9567 301.817 87.0467 295.712 87.5698 291.293C87.7732 289.52 87.0467 287.602 86.6109 285.77C86.5237 285.392 85.7973 284.869 85.4195 284.927C83.3274 285.16 81.2352 285.567 79.1722 285.915C76.9638 287.136 74.7264 288.27 72.5761 289.549C71.2395 290.363 69.5832 291.09 70.3678 293.241C71.4138 296.032 72.4018 298.852 73.5641 302.049C73.9128 302.049 74.8717 301.962 75.8015 301.875ZM68.45 156.207C64.8759 154.957 61.2728 153.707 57.1757 152.282C58.0184 155.858 58.9192 158.503 59.2097 161.236C59.4131 163.212 59.2969 165.538 58.3671 167.195C56.5364 170.451 56.2459 170.305 59.6746 172.079C60.4592 172.486 61.3019 172.805 62.1445 173.183C63.4812 173.736 64.7597 174.404 66.1254 174.811C66.6775 174.986 67.7526 174.898 68.0141 174.52C71.007 170.218 74.6101 166.207 75.4528 160.77C75.569 160.044 75.1332 158.736 74.552 158.474C72.6052 157.515 70.484 156.933 68.45 156.207ZM66.5322 126.352C67.2005 126.643 67.8398 126.992 68.5081 127.195C72.518 128.445 73.1863 128.096 74.9298 124.259C78.4748 116.352 74.6102 109.172 65.428 106.526C63.9461 106.032 62.4351 105.509 60.9532 105.015C61.1566 108.358 61.6796 111.41 61.4181 114.433C61.1566 117.428 60.0814 120.335 59.2969 123.561C61.6505 124.462 64.0914 125.422 66.5322 126.352ZM64.1785 200.363C65.5152 200.363 67.433 200.945 68.1303 200.247C72.1112 196.439 73.506 191.73 72.5471 186.148C71.6754 181.061 68.3628 179.201 63.8589 178.416C61.9702 177.834 60.0814 177.253 57.7569 176.497C59.6456 184.23 59.6746 191.061 55.81 198.009C58.861 198.881 61.5053 199.608 64.1785 200.363ZM63.3649 203.067C60.7788 202.224 58.2218 201.381 55.9553 200.654C57.6697 206.41 59.5294 211.788 60.8079 217.311C62.1445 223.038 62.7257 228.939 64.0042 234.666C64.3238 236.119 66.0673 237.282 67.1424 238.59C67.4039 238.561 67.8398 238.619 67.8979 238.503C69.6704 234.753 72.1693 231.177 73.012 227.224C74.9298 218.387 71.0942 210.916 65.7186 204.201C65.2246 203.561 64.1785 203.416 63.3649 203.067ZM69.8447 153.561C76.7023 155.858 76.5279 155.712 76.8476 148.678C76.8766 147.864 76.7895 147.021 76.557 146.265C75.5109 142.805 74.1743 139.433 73.4188 135.916C72.4599 131.497 69.6123 129.666 65.5442 129.026C63.6846 128.358 61.8249 127.631 59.9362 127.05C59.326 126.875 58.2218 126.788 58.0184 127.079C57.6406 127.66 57.4663 128.707 57.7278 129.317C58.4252 130.858 59.2678 132.428 60.343 133.707C62.5223 136.265 62.5804 138.852 61.0694 141.701C60.0524 143.619 59.1226 145.567 58.3961 147.602C58.1927 148.154 58.7158 149.433 59.2097 149.637C62.6966 151.061 66.2997 152.282 69.8447 153.561ZM332.03 222.689C332.408 221.759 332.843 220.858 333.163 219.927C340.021 199.084 347.169 178.3 353.678 157.34C361.436 132.282 367.712 106.817 372.303 80.9451C372.797 77.951 373.32 74.9277 373.814 71.9335C373.524 71.9045 373.262 71.8463 372.972 71.8173C372.449 74.8696 371.926 77.9219 371.374 80.9451C365.359 105.044 359.896 129.346 353.125 153.241C346.5 176.613 338.451 199.579 331.042 222.718C326.683 234.084 322.296 245.421 317.937 256.788C318.198 256.875 318.431 256.991 318.692 257.078C323.138 245.596 327.584 234.142 332.03 222.689ZM74.9298 304.171C69.5542 303.445 66.3288 307.398 62.5804 310.043C60.372 311.584 60.5173 313.619 61.7958 316.032C63.2487 318.764 64.2367 321.817 65.0212 324.811C65.5442 326.758 65.3699 328.88 65.5152 331.032C67.2005 330.508 68.8277 330.014 70.4549 329.491C75.8306 329.2 78.3876 325.857 79.6952 321.09C79.9567 320.131 80.3345 319.142 80.3345 318.183C80.3345 315.131 79.9858 312.078 80.102 309.026C80.2763 303.91 79.9858 303.532 74.9298 304.171ZM368.032 23.6779C368.787 22.486 369.601 21.3232 370.211 20.0732C370.589 19.3174 370.618 18.4162 370.792 17.5732C370.095 17.9221 369.107 18.1255 368.729 18.6779C367.102 21.1779 365.678 23.8232 364.138 26.3813C361.668 30.4802 359.14 34.5499 356.641 38.6197C355.334 40.7418 353.648 42.6894 352.806 44.9569C349.697 53.2127 346.675 61.4684 341.009 68.4161C338.858 71.0614 338.829 72.0498 341.357 75.3928C344.292 71.0614 347.517 67.108 349.842 62.6603C352.544 57.4859 354.433 51.8755 356.787 46.4976C358.995 41.4685 361.262 36.4394 363.586 31.4685C364.4 29.6953 365.475 28.0674 366.434 26.3813C365.794 29.3174 364.748 32.2534 364.632 35.2185C364.342 41.2941 364.545 47.4278 364.545 54.172C366.724 53.4743 368.7 53.4452 369.252 52.544C371.112 49.6371 373.466 46.4976 373.785 43.2708C374.366 37.2825 373.698 31.1778 373.408 25.1023C373.349 23.5616 372.826 22.0209 372.478 20.1313C370.676 21.5558 369.369 22.6313 368.032 23.6779ZM109.799 388.619C111.048 386.206 113.111 383.88 113.402 381.351C114.244 374.055 109.305 368.88 101.401 368.328C97.9723 368.096 94.253 367.456 91.6669 370.828C89.8072 372.369 87.715 373.706 86.1169 375.479C84.1991 377.601 84.664 380.596 86.7561 381.351C93.5265 383.851 99.832 387.02 104.191 393.677C106.225 391.875 107.997 390.247 109.799 388.619ZM65.9801 102.98C67.3749 103.649 68.7406 104.346 70.1353 105.015C72.8086 106.265 73.7675 106.003 74.9879 103.242C75.8887 101.178 76.3245 98.9102 77.1382 96.7881C78.4457 93.387 78.3295 91.8463 75.7434 89.4916C72.6342 86.6428 71.0361 83.0381 70.4549 78.9975C69.961 75.5091 69.7285 71.9626 69.3798 68.4161C68.8858 63.0673 67.8398 57.9801 63.6555 54.1138C63.1615 53.6778 62.9581 52.8638 62.7257 52.1952C61.2728 47.8057 61.7087 43.6197 64.4982 39.2883C62.8419 38.9104 61.4762 38.6197 60.1105 38.329C57.9312 37.8929 56.5946 38.8232 56.7689 40.9743C57.0885 44.7243 57.4953 48.4743 58.3089 52.1371C59.5294 57.8347 60.866 63.387 54.0084 66.5847C56.6236 71.3812 59.2097 75.8289 61.4762 80.451C63.8008 85.1602 65.1084 90.1602 63.8008 95.4218C63.3068 97.3695 62.3479 99.2009 61.5053 101.294C63.1034 101.963 64.5563 102.457 65.9801 102.98ZM87.9766 368.008C89.0226 366.758 90.0396 365.479 91.1438 364.316C92.8291 362.543 92.4223 360.828 90.9695 359.287C90.1268 358.386 88.9936 357.718 87.9766 356.962C85.7973 355.334 83.5598 353.793 81.4386 352.107C79.9858 350.944 79.608 349.636 81.2062 348.037C82.2523 346.991 83.0659 345.566 83.6761 344.171C85.9425 339.026 84.8965 336.235 79.8695 333.793C78.8816 333.328 77.8355 332.979 76.9638 332.34C74.6973 330.712 72.4308 330.857 70.1353 332.194C66.5903 333.357 62.5804 333.532 59.7037 336.875C60.9822 337.921 61.9992 338.677 62.9291 339.52C66.7356 342.979 69.5251 346.904 69.4089 352.398C69.3508 355.566 67.4911 357.747 65.8348 360.13C63.6555 363.27 64.4691 365.45 67.9851 366.904C71.2395 368.241 74.4067 369.811 77.6612 371.148C85.7101 374.345 83.5308 374.171 87.9766 368.008ZM140.193 88.0381C144.057 92.0207 147.951 95.916 151.729 99.9858C177.793 128.009 199.964 159.055 221.089 190.829C239.714 218.852 254.737 248.706 264.733 280.974C264.849 281.352 265.111 281.671 265.314 282.02C265.575 280.915 265.459 279.956 265.256 278.997C262.234 264.084 255.928 250.363 249.565 236.73C230.038 194.956 204.381 157.224 174.364 122.369C163.816 110.131 152.949 98.1544 140.803 87.4277C139.583 86.2649 138.333 85.1021 137.113 83.9393C136.909 84.1719 136.706 84.4044 136.473 84.637C137.694 85.7707 138.943 86.9044 140.193 88.0381ZM136.386 303.561C137.839 303.125 139.263 302.689 140.716 302.253C140.745 302.892 140.774 303.503 140.803 304.142C137.607 305.421 134.439 306.729 131.214 307.979C129.558 308.619 128.686 309.549 128.454 311.497C128.018 315.276 125.373 318.881 127.611 322.892C127.727 323.096 127.611 323.444 127.553 323.706C126.943 326.148 126.332 328.561 125.606 331.439C128.889 331.787 131.563 332.311 134.265 332.34C159.109 332.543 183.721 329.811 208.332 326.758C218.415 325.508 228.062 322.689 236.663 317.02C239.104 315.421 239.104 314.258 236.431 313.067C234.048 312.02 231.462 311.468 228.963 310.683C228.992 310.101 229.021 309.491 229.021 308.91C232.973 309.869 236.896 311.003 240.906 311.758C242.591 312.078 244.393 311.584 246.165 311.439C246.194 311.119 246.223 310.77 246.252 310.45C245.381 309.898 244.538 309.229 243.608 308.793C227.103 301.061 210.541 293.357 194.036 285.596C189.271 283.357 184.622 280.886 179.943 278.474C174.713 275.77 170.325 272.456 167.623 266.817C164.862 261.09 159.923 257.921 153.472 256.439C129.965 251.003 106.544 245.16 83.0949 239.404C81.2934 238.968 80.4507 239.578 80.7703 241.119C81.0609 242.485 81.7583 244.113 82.8043 244.956C87.8603 249.113 93.7009 251.962 99.9773 253.532C113.838 257.02 127.437 261.904 142.023 261.642C144.348 261.613 146.702 262.224 149.026 262.631C149.898 262.776 150.712 263.241 151.525 263.561C151.438 263.968 151.351 264.404 151.293 264.811C144.348 264.346 137.432 263.764 130.488 263.416C124.879 263.154 119.271 262.892 113.663 263.183C110.235 263.357 107.445 267.253 107.91 270.596C108.462 274.84 106.69 277.979 103.9 280.828C103.115 281.642 102.273 282.398 101.169 283.415C102.651 283.735 103.668 283.968 104.714 284.171C104.888 284.84 105.062 285.509 105.237 286.148C103.987 285.974 102.738 285.799 101.459 285.596C101.081 285.538 100.704 285.509 100.355 285.45C97.5074 285.043 96.0545 286.729 95.4734 289.084C94.3982 293.474 93.6137 297.95 92.6548 302.514C92.6839 302.514 93.0325 302.66 93.3522 302.689C103.057 304.055 112.763 305.334 122.439 306.875C125.49 307.369 128.221 307.194 130.865 305.567C131.243 305.421 131.592 305.276 131.969 305.131C133.074 304.753 134.149 304.375 135.253 303.997C135.66 303.852 136.038 303.706 136.386 303.561ZM192.002 243.387C191.915 243.299 191.857 243.212 191.77 243.125C191.828 243.212 191.915 243.328 191.973 243.416C194.646 248.706 198.598 252.834 203.422 256.235C207.257 258.939 210.889 261.962 214.463 265.014C219.839 269.607 225.098 274.346 230.358 279.055C230.678 279.346 230.852 279.811 231.084 280.189C230.939 280.363 230.823 280.567 230.678 280.741C226.319 278.823 221.902 276.962 217.602 274.927C213.33 272.921 209.117 270.77 204.904 268.648C200.748 266.555 196.622 264.404 192.467 262.253C192.322 262.514 192.176 262.776 192.031 263.067C202.637 271.933 215.103 278.009 226.813 285.363C225.592 285.77 224.517 285.857 223.529 285.596C212.923 282.776 202.347 279.898 191.741 277.049C189.997 276.584 188.196 276.264 186.423 275.886C186.336 276.119 186.278 276.381 186.191 276.613C187.12 277.107 188.021 277.631 188.951 278.125C192.787 280.189 196.768 282.02 200.429 284.375C216.643 294.724 234.281 301.758 252.587 307.369C254.882 308.067 256.684 307.747 258.195 305.886C259.735 303.997 259.502 302.224 258.282 300.189C253.575 292.369 248.054 285.189 241.661 278.706C230.242 267.107 216.875 258.009 202.986 249.695C199.383 247.573 195.663 245.509 192.002 243.387ZM222.338 241.933C221.176 241.264 219.955 240.683 218.822 239.927C213.65 236.41 208.652 232.573 203.276 229.433C199.673 227.311 195.489 226.119 191.566 224.52C191.276 224.956 190.956 225.392 190.665 225.828C191.886 226.759 193.164 227.66 194.327 228.648C207.49 239.898 220.711 251.119 233.816 262.456C242.562 270.014 250.901 278.067 257.033 287.921C260.636 293.735 262.96 300.305 265.982 306.497C266.36 307.253 267.261 307.747 267.929 308.357C268.336 307.456 269.033 306.584 269.062 305.683C269.12 304.636 268.626 303.561 268.307 302.543C264.733 291.41 261.101 280.305 257.556 269.142C251.483 250.102 243.695 231.875 232.45 215.276C231.113 213.299 229.69 211.41 228.295 209.491C228.091 209.637 227.888 209.753 227.685 209.898C232.392 219.142 237.651 228.125 240.354 238.299C234.223 232.166 230.009 224.288 222.658 219.462C222.396 219.637 222.164 219.811 221.902 219.985C223.733 223.852 225.563 227.689 227.365 231.555C227.133 231.817 226.929 232.049 226.697 232.311C222.541 230.16 218.415 228.009 214.26 225.887C214.057 226.119 213.853 226.323 213.65 226.555C214.347 232.863 219.025 236.991 222.629 241.701C222.512 241.788 222.425 241.846 222.338 241.933ZM82.3975 236.526C83.8214 236.962 84.7221 237.282 85.681 237.514C105.673 242.427 125.635 247.34 145.656 252.166C151.38 253.561 157.104 255.189 162.916 255.857C174.103 257.137 184.912 244.142 186.394 236.846C186.888 234.375 186.074 232.398 183.808 231.09C178.403 227.951 172.65 225.916 166.403 225.392C161.695 224.985 156.959 224.811 152.339 223.968C134.497 220.683 116.714 217.195 98.9312 213.735C94.8051 212.922 90.708 211.933 86.2331 210.945C90.5917 220.392 87.1048 228.328 82.3975 236.526ZM232.973 331.729C228.76 328.706 223.006 327.63 217.921 328.735C205.892 331.38 194.763 336.497 183.343 340.944C163.148 348.793 144.086 358.473 127.64 372.747C124.996 375.043 122.41 377.398 119.213 380.276C130.546 381.264 139.931 384.752 147.137 393.037C147.515 392.514 147.719 392.252 147.893 391.962C154.344 380.683 163.09 371.409 173.26 363.473C185.755 353.706 199.819 346.875 214.434 340.973C220.769 338.415 226.726 334.898 232.973 331.729ZM87.2501 187.282C87.7441 193.706 87.5116 199.753 84.9255 205.451C84.7512 205.799 85.3323 206.846 85.7973 207.079C87.2211 207.834 88.7321 208.59 90.3012 208.91C98.1757 210.596 106.108 212.195 114.012 213.735C130.836 217.02 147.69 220.247 164.95 219.927C166.751 219.898 168.582 219.782 170.354 219.462C171.807 219.23 172.359 218.328 171.371 216.904C167.855 211.759 163.526 207.456 157.627 205.363C134.875 197.282 111.31 192.195 87.2501 187.282ZM201.213 330.799C201.155 330.596 201.068 330.392 201.01 330.16C193.92 330.77 186.859 331.526 179.74 331.991C166.257 332.834 152.775 333.503 139.292 334.258C138.333 334.317 137.2 334.375 136.473 334.927C126.884 342.049 117.325 349.287 107.765 356.468C106.98 357.049 105.992 357.398 104.83 358.008C112.152 363.037 117.731 367.805 119.882 375.712C124.385 372.223 128.657 369.171 132.696 365.799C143.883 356.497 156.261 349.229 169.686 343.706C179.159 339.811 188.719 336.09 198.22 332.282C199.237 331.875 200.196 331.293 201.213 330.799ZM199.964 209.462C202.55 209.084 205.804 209.549 207.519 208.125C210.918 205.334 214.551 204.753 218.59 204.579C221.699 204.462 222.396 203.212 220.711 200.596C216.236 193.677 211.674 186.788 206.938 180.044C204.613 176.73 203.189 176.584 200.022 179.172C195.576 182.834 190.985 184.375 185.609 181.352C183.488 180.16 182.384 181.643 181.57 183.241C179.856 186.526 177.096 188.125 173.493 188.474C169.977 188.794 166.432 188.939 162.916 189.433C159.574 189.898 158.76 191.759 160.417 194.608C162.741 198.503 164.892 202.544 167.594 206.177C169.948 209.346 172.708 212.34 175.788 214.782C180.06 218.183 182.587 217.98 187.091 214.811C188.457 213.852 189.416 212.34 190.636 211.148C193.281 208.503 196.651 208.997 199.964 209.462ZM280.366 233.881C280.104 234.259 279.872 234.637 279.61 235.014C278.128 234.404 276.53 233.968 275.164 233.125C273.537 232.137 272.172 230.77 270.602 229.695C268.423 228.154 266.215 227.921 264.326 230.189C262.612 232.282 260.781 234.317 259.415 236.642C258.834 237.631 258.892 239.433 259.357 240.567C262.989 249.462 266.97 258.212 270.457 267.166C274.641 277.863 278.419 288.735 282.487 299.491C282.836 300.392 284.056 300.915 284.899 301.642C285.305 300.654 286.177 299.607 286.09 298.677C284.637 285.218 283.242 271.788 281.412 258.387C280.54 251.962 281.034 245.945 283.591 240.044C284.405 238.154 284.957 236.09 285.451 234.084C286.177 231.09 285.77 228.358 284.056 225.567C279.378 217.805 275.048 209.84 270.544 201.962C270.283 201.526 269.934 201.148 269.295 200.276C268.365 202.224 267.319 203.765 266.854 205.451C264.762 213.358 269.818 225.828 276.704 230.392C278.128 231.264 279.174 232.689 280.366 233.881ZM287.775 172.893C284.318 182.079 278.855 189.172 273.072 196.09C271.765 197.631 271.445 198.881 272.491 200.654C277.402 208.794 282.196 217.02 287.107 225.16C289.083 228.445 289.838 228.59 293.122 226.526C300.444 221.933 305.907 215.538 310.266 208.241C312.474 204.52 311.486 197.951 308.435 196.265C301.607 192.486 296.987 186.613 292.744 180.334C291.204 178.038 289.693 175.712 287.775 172.893ZM86.3203 182.166C86.8143 182.34 87.5988 182.747 88.4705 182.98C106.196 187.486 123.921 192.108 141.675 196.41C145.365 197.311 149.317 197.137 153.414 197.515C152.92 192.195 150.363 188.852 146.673 186.497C142.924 184.113 139.001 181.904 134.904 180.276C123.049 175.538 111.048 171.09 99.1055 166.555C96.2579 165.48 93.3812 164.404 90.9985 163.503C89.4294 169.753 87.8894 175.858 86.3203 182.166ZM92.3933 139.404C90.0978 145.218 89.4294 150.364 89.1679 155.625C89.0517 157.98 89.8653 159.201 92.1318 159.986C107.997 165.712 123.833 171.555 139.67 177.311C140.454 177.602 141.355 177.515 142.604 177.631C141.355 172.108 140.629 166.875 137.49 162.486C136.299 160.829 134.788 159.055 133.016 158.212C119.649 151.904 106.225 145.771 92.3933 139.404ZM182.5 151.875C182.675 151.555 182.878 151.236 183.052 150.916C178.926 148.067 174.887 145.073 170.587 142.486C168.931 141.497 166.606 141.09 164.659 141.236C154.315 141.991 148.619 149.869 142.111 156.439C141.587 156.962 141.384 157.922 141.326 158.707C141.268 159.462 141.413 160.334 141.791 160.974C143.36 163.619 145.074 166.207 146.643 168.852C148.242 171.526 150.305 173.445 153.298 174.52C157.627 176.09 158.906 175.393 159.254 170.829C159.545 167.05 161.347 165.015 165.124 164.52C167.013 164.259 168.931 164.433 170.819 164.23C172.417 164.055 174.016 163.59 175.875 163.183C174.713 161.468 173.899 160.247 172.882 158.765C174.103 158.416 175.033 158.387 175.585 157.951C176.311 157.369 177.212 156.468 177.212 155.683C177.241 151.439 177.154 151.439 181.367 151.875C181.774 151.904 182.152 151.875 182.5 151.875ZM65.5733 48.6778C65.5733 51.7882 66.1835 54.5499 69.0021 56.4975C79.8405 63.9684 90.5917 71.5266 101.401 78.9975C101.895 79.3463 102.709 79.4335 103.348 79.3754C105.12 79.201 106.893 78.7358 108.665 78.6486C112.298 78.4742 113.111 77.3986 112.094 73.8521C111.746 72.6603 111.164 71.294 111.455 70.1894C111.891 68.5033 111.077 67.9219 110.002 67.1661C106.66 64.8405 103.406 62.3405 99.9773 60.1312C90.9985 54.3173 82.0489 48.4452 72.8376 43.0092C68.1885 40.2766 66.2126 41.672 65.6024 47.0789C65.5152 47.6022 65.5733 48.1545 65.5733 48.6778ZM127.378 125.16C129.093 124.869 130.458 124.753 131.737 124.346C135.485 123.183 135.892 121.759 133.103 119.114C130.604 116.73 127.989 114.462 125.17 112.486C115.436 105.683 104.423 101.352 93.7009 96.4974C93.0907 96.2067 91.6959 96.6137 91.231 97.166C87.4826 101.585 86.6399 106.73 88.209 112.224C88.4415 113.038 89.5457 113.91 90.4464 114.201C98.1467 116.904 105.847 119.637 113.663 121.992C118.225 123.416 122.991 124.172 127.378 125.16ZM287.485 242.34C287.165 242.34 286.816 242.311 286.497 242.311C285.887 246.584 284.637 250.887 284.811 255.131C285.247 265.625 286.293 276.09 287.165 286.584C287.485 290.334 287.979 294.084 288.415 297.921C295.388 295.915 296.928 293.706 297.335 288.474C297.393 287.689 297.771 286.933 297.974 286.119C300.299 276.904 303.06 267.776 304.774 258.445C306.285 250.189 306.692 241.701 307.505 233.328C307.912 229.201 308.203 225.102 308.551 220.974C307.825 221.817 307.331 222.776 307.099 223.794C304.512 234.898 301.955 246.032 299.369 257.137C298.614 260.392 297.829 263.648 296.87 266.875C296.551 267.95 295.708 268.852 295.098 269.84C294.778 269.724 294.459 269.636 294.139 269.52C293.267 260.073 295.621 250.654 294.778 241.119C293.093 249.171 291.408 257.224 289.722 265.276C289.577 265.218 289.432 265.189 289.315 265.131C288.676 257.514 288.066 249.927 287.485 242.34ZM340.195 152.689C339.381 153.881 338.8 154.695 338.219 155.538C335.982 158.794 333.076 160.538 328.979 159.782C326.625 159.346 325.405 160.974 324.765 162.834C322.644 169.084 320.494 175.363 318.692 181.701C317.995 184.113 318.198 186.788 318.024 189.346C318.402 189.549 318.78 189.782 319.157 189.986C321.424 188.183 323.836 186.468 325.957 184.491C327.439 183.125 328.804 182.34 330.78 183.241C332.437 183.997 333.773 183.561 335.197 182.311C336.272 181.381 337.957 180.567 339.323 180.683C341.793 180.858 342.781 179.637 343.362 177.66C345.571 170.189 347.779 162.718 349.9 155.218C350.191 154.201 350.045 153.038 350.133 151.352C348.36 152.66 347.111 153.532 345.919 154.462C342.578 157.079 342.607 157.108 340.195 152.689ZM301.897 150.945C298.004 156.672 294.168 162.166 290.623 167.834C290.013 168.823 290.1 171.003 290.797 171.962C293.732 176.003 296.928 179.84 300.212 183.619C302.972 186.817 306.401 189.23 310.498 190.48C312.038 190.974 313.869 191.323 314.537 189.491C316.513 183.997 318.227 178.445 315.874 172.573C312.59 164.433 307.302 157.66 301.897 150.945ZM122.555 309.346C122.497 309.113 122.468 308.851 122.41 308.619C112.704 307.282 103.028 305.915 93.3231 304.636C92.4223 304.52 91.1729 304.549 90.5627 305.072C87.6279 307.66 86.4075 310.886 87.5407 314.84C88.4415 318.038 89.226 321.293 90.1268 324.753C98.3791 323.881 106.806 322.979 115.203 322.107C116.54 317.165 117.528 312.136 122.555 309.346ZM122.119 393.183C122.061 393.415 121.974 393.648 121.916 393.88C117.673 393.793 113.809 394.723 110.99 398.241C108.142 401.787 108.288 405.276 111.658 408.037C117.121 412.485 123.427 414.374 130.429 413.27C135.253 412.514 137.519 410.043 138.362 405.247C138.914 402.165 137.084 398.328 133.393 396.671C129.819 395.043 125.896 394.287 122.119 393.183ZM317.675 200.712C317.385 200.654 317.094 200.625 316.804 200.567C316.281 204.084 315.293 207.602 315.264 211.148C315.176 229.201 311.661 246.817 308.755 264.52C308.057 268.677 307.186 272.834 306.401 276.991C317.443 250.538 328.572 224.171 335.633 196.352C335.226 196.555 334.965 196.817 334.848 197.108C331.914 203.939 328.979 210.77 326.015 217.602C325.521 218.735 324.707 219.724 323.748 221.294C323.138 219.753 322.819 218.997 322.383 217.922C320.523 224.433 318.751 230.567 317.007 236.701C316.687 236.613 316.368 236.555 316.048 236.468C314.159 224.462 319.564 212.718 317.675 200.712ZM131.766 334.607C128.25 333.619 125.083 332.689 121.858 331.846C121.393 331.729 120.782 331.904 120.317 332.078C113.605 334.782 106.893 337.514 100.21 340.276C99.5705 340.537 98.9021 341.003 98.5535 341.555C97.3621 343.444 96.3451 345.45 95.1828 347.398C93.4975 350.247 93.6718 352.253 95.8802 354.171C98.5535 356.497 102.68 357.223 104.656 355.654C111.92 349.956 119.184 344.2 126.449 338.503C128.134 337.223 129.877 336.003 131.766 334.607ZM316.281 128.707C312.387 134.026 308.551 139.201 304.89 144.462C304.425 145.131 304.425 146.614 304.861 147.369C307.505 152.108 310.237 156.817 313.142 161.41C314.13 162.98 315.612 164.317 317.094 165.509C318.111 166.352 319.855 167.137 320.494 165.276C321.743 161.643 323.283 157.864 323.4 154.114C323.69 144.986 318.896 137.108 316.281 128.707ZM121.393 98.1253C124.85 103.649 127.901 109.521 134.323 112.486C136.619 113.532 138.74 115.044 141.064 116.003C144.551 117.457 149.23 116.701 150.595 114.346C152.339 111.323 151.002 108.416 148.997 106.119C145.656 102.195 141.965 98.5904 138.478 94.7823C137.287 93.4742 136.096 93.2707 134.381 93.8811C130.11 95.3928 125.78 96.7009 121.393 98.1253ZM89.9234 117.66C90.3012 122.922 90.737 128.038 91.0566 133.154C91.1438 134.782 91.6668 135.916 93.3522 136.381C98.815 137.922 104.249 139.782 109.799 140.945C111.92 141.381 114.506 140.654 116.598 139.811C119.417 138.648 119.765 136.265 117.528 134.23C109.334 126.904 99.8901 121.701 89.9234 117.66ZM326.131 146.236C326.451 146.236 326.77 146.236 327.119 146.236C329.066 141.962 331.216 137.747 332.872 133.358C333.773 130.974 334.209 128.212 334.006 125.683C333.744 122.079 332.785 118.532 331.943 115.015C331.332 112.457 330.432 109.986 329.647 107.486C329.357 107.486 329.066 107.457 328.804 107.457C325.55 112.573 322.266 117.689 319.07 122.835C318.634 123.532 318.373 124.637 318.605 125.364C321.017 132.311 323.603 139.259 326.131 146.236ZM355.886 124.026C356.322 124.143 356.729 124.23 357.164 124.346C357.164 121.817 357.252 119.317 357.135 116.788C356.99 112.951 355.682 112.253 352.428 114.259C342.607 120.305 334.965 128.096 332.901 140.015C332.611 141.672 332.872 143.445 332.872 145.16C333.221 145.305 333.541 145.422 333.889 145.567C335.255 143.648 336.679 141.759 337.987 139.782C339.643 137.253 341.357 135.073 344.931 135.858C346.733 136.265 347.779 135.218 348.186 133.416C348.418 132.398 348.854 131.381 349.464 130.567C350.539 129.114 351.76 127.747 353.038 126.439C353.91 125.567 354.927 124.84 355.886 124.026ZM46.8603 367.514C52.5556 365.508 56.0425 361.846 58.861 357.253C60.5173 354.549 60.4011 351.962 58.2799 349.782C55.9553 347.398 53.3401 345.305 50.7831 343.183C47.4705 340.421 44.0418 340.683 40.5258 342.921C37.9106 344.607 37.6782 346.003 39.9156 348.241C43.7221 351.991 45.9886 356.555 46.8313 361.787C47.0928 363.503 46.8603 365.305 46.8603 367.514ZM118.167 330.043C117.615 328.997 117.005 328.212 116.831 327.369C116.395 324.956 114.913 324.404 112.733 324.636C106.341 325.334 99.9192 325.886 93.5556 326.729C91.6959 326.991 89.0517 326.322 88.18 328.88C87.1339 331.904 89.1679 333.88 91.0857 335.683C92.1899 336.729 93.4975 337.63 94.8632 338.27C95.8802 338.735 97.333 339.084 98.2338 338.706C104.83 336.003 111.339 333.037 118.167 330.043ZM140.919 91.6719C140.658 91.8753 140.396 92.0788 140.106 92.2823C140.6 93.0091 141.006 93.7939 141.617 94.4335C151.06 104.608 159.109 115.858 165.792 127.951C169.395 134.521 174.161 139.462 180.205 143.503C182.849 145.276 185.464 147.05 188.079 148.794C173.957 128.387 158.092 109.463 140.919 91.6719ZM38.1431 313.125C36.3706 313.735 34.54 314.142 32.8837 314.985C30.4138 316.235 30.3557 316.991 32.4769 318.968C33.9298 320.334 35.5279 321.526 37.097 322.747C40.3515 325.276 42.7923 328.212 43.2572 332.543C43.4025 333.793 44.187 335.101 44.9716 336.119C45.3784 336.613 46.6569 336.962 47.2671 336.7C50.8702 335.16 53.8922 327.165 52.4394 323.415C50.4344 318.154 43.8093 313.532 38.1431 313.125ZM353.067 67.4859C348.244 71.9917 345.018 76.9044 342.694 82.4858C342.549 82.8637 342.49 83.4451 342.665 83.7649C344.612 87.3114 346.384 91.0033 348.709 94.2881C350.365 96.6137 353.271 95.9742 354.578 93.3288C355.043 92.3695 355.334 91.2939 355.537 90.2184C357.164 82.573 355.014 75.3056 353.067 67.4859ZM72.6052 69.608C73.1863 73.0091 73.5641 76.1777 74.3196 79.201C74.6102 80.3347 75.5981 81.6428 76.6151 82.1661C80.7994 84.3172 85.1289 86.1777 89.4004 88.1835C90.9404 88.9102 91.7831 88.3288 92.4223 86.9626C93.2941 85.073 94.1658 83.2126 95.0956 81.2358C88.8483 75.7707 79.3175 70.7417 72.6052 69.608ZM35.063 382.659C37.7363 382.659 39.8575 382.63 42.0077 382.659C44.3614 382.689 46.7732 382.398 49.0106 382.892C52.6137 383.677 56.1006 385.014 59.6746 386.032C61.9121 386.7 64.1785 387.485 66.4741 387.776C68.944 388.095 70.2225 386.351 68.9149 384.229C67.7235 382.311 66.0382 380.45 64.1495 379.229C55.1126 373.473 44.1289 374.694 35.063 382.659ZM41.0779 101.41C41.0779 100.858 41.107 100.335 41.0779 99.7823C40.9036 96.9625 39.1892 95.073 36.1381 94.0846C33.3196 93.1544 31.2565 93.9393 29.5712 96.323C26.6364 100.422 26.8398 107.311 29.9489 111.992C31.1984 113.881 32.5931 114.172 34.54 113.271C39.6541 110.916 40.9036 106.439 41.0779 101.41ZM38.7824 293.067C39.6541 293.793 40.4096 294.753 41.4266 295.218C43.7221 296.293 44.5648 298.038 44.4195 300.45C44.3614 301.613 44.3033 302.892 44.7101 303.939C45.1459 304.985 46.0177 306.322 46.9766 306.642C50.0566 307.689 54.7639 304.811 56.1587 301.352C57.8731 297.107 56.6527 291.904 53.5145 290.102C49.6498 287.863 42.124 289.259 38.7824 293.067ZM111.252 411.09C104.016 405.45 104.83 397.892 113.111 393.968C118.777 391.293 124.676 391.148 130.633 392.805C136.183 394.345 140.367 397.398 141.646 403.473C143.331 399.985 141.791 393.066 136.241 390.915C127.349 387.514 118.748 387.659 110.205 391.991C106.283 393.968 104.162 396.671 104.597 401.409C105.033 406.322 104.714 411.293 100.617 415.188C104.132 413.822 107.648 412.485 111.252 411.09ZM49.8532 222.02C50.1729 221.904 50.4925 221.788 50.8121 221.671C50.754 220.77 50.9574 219.782 50.6087 218.997C48.9525 214.985 47.4415 210.858 45.2912 207.079C43.3444 203.677 40.8454 200.48 38.114 197.66C37.2714 196.788 34.54 196.875 33.2615 197.573C32.3316 198.067 31.6052 200.741 32.0992 201.759C36.3125 210.015 43.0247 216.09 49.8532 222.02ZM28.2345 79.201C28.467 80.7707 28.5251 82.0498 28.8447 83.2707C29.8327 87.1079 31.4599 88.1544 35.3245 87.544C41.9496 86.4974 44.0418 82.1951 40.7583 76.3521C40.3224 75.5672 39.8284 74.7824 39.2763 74.0847C36.1672 70.1312 31.489 70.5091 29.1644 75.0149C28.496 76.3231 28.467 77.951 28.2345 79.201ZM28.4089 129.724C29.1062 132.137 29.4259 133.939 30.1814 135.538C32.3316 140.131 34.6272 140.567 38.579 137.311C43.5478 133.212 43.0247 126.178 37.5038 122.893C35.8185 121.904 33.9007 121.323 32.5641 123.009C30.9078 125.131 29.6874 127.602 28.4089 129.724ZM28.2055 178.852C28.2926 183.503 28.99 186.584 31.489 188.881C32.041 189.404 33.7264 189.695 33.9588 189.375C35.9638 186.672 39.0148 183.939 39.3345 180.974C39.7703 176.904 37.3004 173.009 33.8135 170.305C32.7675 169.491 31.6342 169.288 31.0531 170.974C29.9489 173.997 28.8447 177.02 28.2055 178.852ZM30.2685 289.491C38.4918 288.735 45.669 285.45 52.0325 280.421C54.5024 278.474 56.0134 275.828 56.1587 272.224C45.9595 275.916 37.3586 281.526 30.2685 289.491ZM370.386 67.7766C367.596 68.8812 365.184 69.8114 362.802 70.7707C362.511 70.887 362.191 71.2068 362.104 71.5266C360.622 76.5265 358.472 81.4102 359.721 86.8172C360.361 89.666 361.581 90.1021 363.79 88.0672C364.661 87.2823 365.446 86.3812 366.056 85.3637C369.165 80.0149 369.514 73.9684 370.386 67.7766ZM62.9581 395.741C63.1615 395.392 63.394 395.014 63.5974 394.665C61.7668 393.328 60.1105 391.613 58.0765 390.683C51.8582 387.834 45.2331 386.555 38.4337 387.572C27.479 389.229 18.6165 395.247 10.1027 401.845C9.11475 402.601 8.67888 404.055 7.98151 405.188C8.21397 405.334 8.41737 405.508 8.64983 405.654C9.55061 404.927 10.4514 404.171 11.3812 403.502C15.5945 400.508 19.6916 397.34 24.0503 394.549C30.501 390.45 37.6491 388.793 45.1459 390.305C50.1729 391.322 55.0545 393.095 59.9943 394.578C61.0403 394.927 61.9992 395.363 62.9581 395.741ZM22.7136 315.45C32.4478 312.136 34.3075 308.241 33.3196 299.404C32.8256 295.072 29.3096 292.892 25.1254 294.084C26.2296 301.177 25.9971 308.27 22.7136 315.45ZM264.704 197.689C264.965 197.834 265.227 198.009 265.488 198.154C265.75 197.951 266.099 197.776 266.302 197.544C274.699 188.125 280.889 177.427 284.288 165.247C284.666 163.881 283.882 162.195 283.533 160.16C276.995 173.154 270.864 185.422 264.704 197.689ZM340.631 86.73C337.754 91.8753 335.052 96.5556 332.466 101.323C331.361 103.387 333.105 108.271 335.139 109.201C337.028 110.102 340.021 108.067 341.009 105.16C341.328 104.23 341.619 103.271 341.764 102.282C342.52 97.2242 342.142 92.1951 340.631 86.73ZM28.99 155.683C28.9319 155.683 28.9028 155.683 28.8447 155.683C28.961 157.66 28.99 159.666 29.2806 161.643C29.3968 162.369 30.0651 163.358 30.7044 163.59C33.2324 164.52 37.1551 162.486 38.114 159.927C39.5088 156.177 38.114 150.451 34.9177 148.038C33.9298 147.311 31.9539 146.788 31.0821 147.282C29.9199 147.98 29.0191 149.666 28.6994 151.09C28.3798 152.544 28.8738 154.143 28.99 155.683ZM32.6222 50.8289C27.973 50.7417 24.5152 53.4452 25.416 55.7708C26.7235 59.1719 28.7576 62.2243 32.506 63.4743C34.54 64.1429 36.2253 63.6487 37.3876 61.701C38.7242 59.4626 39.8575 57.1952 38.4337 54.5789C36.9517 51.8173 34.3947 50.8871 32.6222 50.8289ZM324.533 92.8928C323.981 93.7649 323.196 94.5207 323.022 95.3928C321.831 101.236 318.315 105.742 314.624 110.131C312.038 113.212 312.329 116.323 315.758 119.288C316.455 118.329 317.269 117.457 317.792 116.468C320.436 111.323 322.848 106.003 325.695 100.974C327.41 97.8928 326.799 95.509 324.533 92.8928ZM76.7604 273.27C76.3245 271.729 75.9759 270.131 75.4238 268.619C75.2204 268.125 74.4358 267.485 73.9418 267.514C70.3968 267.602 66.8518 271.323 66.5322 274.869C66.3578 276.729 66.0963 278.677 65.3118 280.334C64.3238 282.427 65.1374 282.689 66.9099 282.718C72.7795 282.776 76.4408 279.229 76.7604 273.27ZM287.804 162.486C288.327 161.526 288.792 160.538 289.374 159.608C292.395 154.811 295.476 150.044 298.498 145.247C300.125 142.689 299.021 140.538 297.364 138.212C296.754 139.288 296.347 140.189 295.795 141.003C292.657 145.945 289.577 150.945 286.293 155.829C284.695 158.271 284.637 159.288 287.804 162.486ZM72.6633 389.549C73.7094 394.869 90.6789 407.427 95.793 406.845C89.6619 398.619 81.7873 393.299 72.6633 389.549ZM193.135 358.27C194.21 360.479 195.14 362.427 195.838 363.851C201.736 357.107 207.838 350.13 214.028 343.037C205.165 345.625 199.586 352.485 193.135 358.27ZM227.365 340.043C227.336 339.723 227.307 339.433 227.278 339.113C225.68 340.392 222.948 341.468 222.687 342.95C221.641 349.229 222.89 355.305 226.726 360.596C226.958 360.915 228.731 360.77 228.963 360.334C229.428 359.578 229.428 358.444 229.37 357.485C229.137 354.055 228.789 350.625 228.498 347.194C228.44 346.555 228.44 345.915 228.353 345.305C228.033 343.561 227.685 341.787 227.365 340.043ZM310.702 116.817C307.447 121.759 304.164 126.585 301.025 131.497C299.776 133.445 300.154 135.393 301.868 137.486C305.152 133.619 308.232 129.84 311.486 126.236C314.276 123.096 313.636 120.393 310.702 116.817ZM68.0141 397.776C67.956 398.008 67.9269 398.241 67.8688 398.473C70.8327 400.799 73.8547 403.066 76.7604 405.479C79.608 407.834 82.2813 410.421 85.187 412.747C85.7973 413.241 87.0467 412.95 88.0056 413.008C88.0056 412.049 88.4124 410.857 87.9766 410.188C84.7512 405.363 80.7703 401.293 75.1913 399.287C72.9248 398.444 70.4259 398.27 68.0141 397.776ZM218.822 345.596C215.568 345.625 213.214 347.398 212.662 350.334C211.616 355.886 213.272 360.973 215.422 365.944C215.655 366.497 217.108 366.526 217.979 366.816C218.241 365.247 218.793 363.648 218.677 362.078C218.473 359.346 217.544 356.642 217.544 353.91C217.573 351.177 218.357 348.473 218.822 345.596ZM23.5853 319.317C23.3819 319.607 23.1785 319.898 22.9751 320.16C29.0191 326.758 35.3826 333.212 32.9128 343.357C37.5329 343.066 39.4216 340.479 37.8816 336.235C35.8185 330.537 32.2154 325.77 27.8858 321.584C26.7817 320.538 25.0382 320.072 23.5853 319.317ZM238.843 331.962C236.373 333.706 233.961 334.113 233.089 337.311C232.13 340.77 232.566 344.055 232.508 347.456C232.45 349.723 232.712 351.758 234.426 353.241C235.152 353.88 236.344 353.968 237.332 354.287C237.651 353.125 238.639 351.613 238.203 350.828C236.344 347.282 237.419 343.532 237.099 339.927C236.867 337.63 238.087 335.16 238.843 331.962ZM337.493 73.6486C334.209 78.7068 331.42 83.2126 328.398 87.573C326.567 90.2184 326.538 91.9335 329.008 94.637C333.628 90.2184 337.028 85.073 338.393 78.823C338.713 77.3696 337.87 75.6544 337.493 73.6486ZM31.489 32.6313C31.4599 32.7476 31.4018 32.8639 31.3727 32.9801C30.9078 32.9801 30.4719 32.922 30.007 32.9801C27.0432 33.4453 24.5733 36.672 25.1835 39.2011C25.7356 41.4394 28.8447 42.5731 31.8376 41.2359C34.046 40.2476 36.051 38.7941 38.0269 37.3697C39.3345 36.4104 39.0439 35.2476 37.591 34.6953C35.6151 33.8813 33.552 33.2999 31.489 32.6313ZM247.909 327.194C245.526 327.892 242.853 327.834 242.068 330.857C240.935 335.363 242.475 339.52 243.724 343.648C243.986 344.52 245.439 345.654 246.194 345.566C247.066 345.45 248.112 344.229 248.461 343.27C248.664 342.66 247.415 341.671 247.356 340.828C247.037 336.322 245.584 331.729 247.909 327.194ZM356.496 61.6719C358.385 58.6487 360.884 56.294 361.32 53.5906C362.104 48.358 361.116 45.9452 359.489 44.2883C354.055 51.6138 353.358 55.044 356.496 61.6719ZM279.145 155.044C274.845 156.09 268.626 172.805 269.818 180.276C273.13 171.468 277.721 163.968 279.145 155.044ZM209.553 355.305C207.228 354.287 203.916 356.206 204.09 358.909C204.381 363.619 204.206 368.735 208.797 372.311C209.262 371.671 209.901 371.206 209.901 370.712C209.901 368.561 210.541 366.409 209.524 364.287C209.146 363.473 209.349 362.398 209.262 360.915C207.461 359.433 208.507 357.34 209.553 355.305ZM333.657 62.7766C329.066 64.8115 322.441 75.4219 323.08 79.7242C328.63 77.0498 335.255 66.4103 333.657 62.7766ZM196.913 375.915C198.482 377.194 199.935 378.095 201.446 375.973C203.015 373.764 202.608 371.235 200.371 369.491C200.603 368.706 201.039 367.921 200.981 367.165C200.923 366.061 200.69 364.142 200.225 364.055C198.598 363.706 197 364.142 196.797 366.409C196.622 368.27 196.186 370.101 195.838 372.165C198.424 372.659 197.261 374.433 196.913 375.915ZM309.51 102.34C315.467 99.4335 320.116 92.166 319.186 87.4858C314.944 89.6079 310.44 96.4684 309.51 102.34ZM292.454 129.84C288.095 135.276 283.039 140.335 281.993 147.718C287.659 143.038 291.64 137.34 292.454 129.84ZM336.359 57.4278C341.502 56.2068 346.035 49.3755 345.512 43.9394C341.561 45.2476 336.505 52.6603 336.359 57.4278ZM305.006 108.532C300.125 112.98 298.236 118.678 294.749 124.085C299.631 123.3 305.413 114.201 305.006 108.532ZM164.804 374.113C159.719 378.473 160.736 384.898 159.283 390.508C163.177 385.741 164.02 379.956 164.804 374.113ZM348.767 37.3115C351.876 35.1894 354.462 32.6895 355.13 28.8232C355.247 28.2127 354.927 27.515 354.782 26.8464C354.055 27.0209 353.155 26.9627 352.631 27.3697C349.377 29.8116 348.622 33.329 348.767 37.3115ZM170.877 369.084C170.471 368.968 170.093 368.851 169.686 368.735C165.56 373.386 166.199 379.229 165.676 384.782C166.025 384.869 166.344 384.956 166.693 385.043C168.088 379.723 169.483 374.404 170.877 369.084ZM357.949 19.986C360.361 18.0674 362.279 16.6721 363.993 15.0442C364.4 14.6662 364.371 13.4453 364.08 12.8349C363.906 12.457 362.773 12.2244 362.22 12.3697C359.983 13.0383 357.833 16.4395 357.949 19.986ZM256.684 235.538C258.718 233.764 260.694 231.846 259.502 229.869C258.311 227.892 256.19 229.491 254.388 230.625C255.144 232.195 255.841 233.706 256.684 235.538ZM304.425 274.607C304.164 274.52 303.902 274.433 303.67 274.346C302.711 277.805 301.781 281.264 300.822 284.724C301.055 284.782 301.287 284.84 301.52 284.898C302.478 281.497 303.466 278.038 304.425 274.607ZM375.412 52.7185C375.558 52.7185 375.703 52.7185 375.877 52.6894C375.877 50.2185 375.877 47.7766 375.877 45.3057C375.732 45.3057 375.587 45.3057 375.412 45.3348C375.412 47.8057 375.412 50.2475 375.412 52.7185ZM316.252 260.45C316.397 260.538 316.571 260.625 316.716 260.683C317.123 259.724 317.53 258.793 317.937 257.834C317.792 257.776 317.617 257.689 317.472 257.631C317.065 258.59 316.658 259.52 316.252 260.45ZM210.163 246.439C209.931 246.671 209.698 246.904 209.466 247.137C209.872 247.514 210.25 247.863 210.657 248.241C210.889 248.009 211.151 247.776 211.383 247.514C210.977 247.166 210.57 246.817 210.163 246.439ZM304.716 272.166C304.6 272.166 304.483 272.166 304.396 272.136C304.367 272.427 304.367 272.747 304.338 273.038C304.454 273.038 304.57 273.038 304.658 273.067C304.687 272.776 304.716 272.456 304.716 272.166ZM181.018 223.939C180.931 223.794 180.873 223.677 180.786 223.532C180.728 223.59 180.583 223.648 180.583 223.677C180.641 223.823 180.728 223.968 180.786 224.084C180.902 224.026 180.96 223.968 181.018 223.939ZM309.016 219.462C308.987 219.375 308.958 219.317 308.929 219.23C308.871 219.288 308.813 219.375 308.784 219.433C308.784 219.52 308.842 219.578 308.871 219.666C308.929 219.608 308.958 219.549 309.016 219.462ZM219.142 366.758C219.084 366.787 219.025 366.846 218.967 366.875C218.996 366.933 219.055 366.991 219.084 367.049C219.171 366.991 219.258 366.904 219.374 366.846C219.287 366.816 219.229 366.787 219.142 366.758ZM312.3 270.625C312.271 270.567 312.213 270.509 312.184 270.45C312.125 270.509 312.038 270.596 312.038 270.596C312.067 270.683 312.155 270.741 312.213 270.828C312.271 270.77 312.271 270.683 312.3 270.625ZM271.358 314.665C271.3 314.694 271.213 314.694 271.184 314.724C271.154 314.782 271.155 314.869 271.125 314.956C271.242 314.927 271.329 314.898 271.445 314.898C271.416 314.811 271.387 314.753 271.358 314.665ZM182.646 225.916C182.762 225.858 182.878 225.799 183.023 225.741C182.965 225.683 182.936 225.567 182.878 225.567C182.762 225.567 182.617 225.596 182.471 225.596C182.529 225.683 182.587 225.799 182.646 225.916ZM336.243 194.724C336.185 194.753 336.098 194.753 336.069 194.782C336.04 194.84 336.04 194.956 336.011 195.044C336.127 195.015 336.214 194.986 336.33 194.956C336.301 194.898 336.272 194.811 336.243 194.724ZM259.88 296.41C259.822 296.468 259.735 296.497 259.735 296.555C259.735 296.613 259.793 296.671 259.851 296.729C259.909 296.671 259.996 296.642 259.996 296.584C259.996 296.526 259.909 296.468 259.88 296.41Z" fill="#FF00B8"/>
</svg>


peop